102
0 27.500 1.800 0.000 55.600 3.600 0.600 0.000
0 82.500 1.800 0.000 35.600 3.600 0.600 0.000
0 100.000 1.800 70.000 140.600 3.600 0.600 90.000
0 50.000 1.800 140.000 100.600 3.600 0.600 180.000
0 0.000 1.800 135.000 10.600 3.600 0.600 -90.000
0 0.000 1.800 60.000 120.600 3.600 0.600 -90.000
0 12.500 1.800 12.500 21.813 3.600 0.600 -45.000
0 20.000 1.800 12.500 15.600 3.600 0.600 90.000
0 12.500 1.800 20.000 15.600 3.600 0.600 180.000
0 17.500 1.800 15.000 32.616 3.600 0.600 38.660
0 25.000 1.800 17.500 25.600 3.600 0.600 -36.870
0 37.500 1.800 17.500 16.411 3.600 0.600 71.565
0 55.000 1.800 12.500 25.600 3.600 0.600 90.000
0 52.500 1.800 25.000 5.600 3.600 0.600 180.000
0 50.000 1.800 20.000 10.600 3.600 0.600 -90.000
0 47.500 1.800 15.000 5.600 3.600 0.600 180.000
0 45.000 1.800 30.000 20.600 3.600 0.600 0.000
0 55.000 1.800 24.000 12.600 3.600 0.600 -90.000
0 47.500 1.800 18.000 15.600 3.600 0.600 180.000
0 40.000 1.800 22.000 8.600 3.600 0.600 90.000
0 45.000 1.800 26.000 10.600 3.600 0.600 0.000
0 50.000 1.800 24.000 4.600 3.600 0.600 -90.000
0 65.000 1.800 7.500 15.600 3.600 0.600 90.000
0 70.000 1.800 15.000 10.600 3.600 0.600 0.000
0 81.500 1.800 11.500 18.985 3.600 0.600 45.000
0 80.000 1.800 23.000 19.468 3.600 0.600 147.995
0 88.000 1.800 18.000 16.600 3.600 0.600 0.000
0 88.000 1.800 25.000 21.860 3.600 0.600 138.814
0 83.500 1.800 32.000 17.600 3.600 0.600 0.000
0 10.000 1.800 41.500 7.600 3.600 0.600 -90.000
0 13.000 1.800 38.000 6.600 3.600 0.600 0.000
0 16.000 1.800 35.000 6.600 3.600 0.600 -90.000
0 19.000 1.800 32.000 6.600 3.600 0.600 0.000
0 22.000 1.800 38.500 13.600 3.600 0.600 90.000
0 42.500 1.800 45.000 45.600 3.600 0.600 0.000
0 36.500 1.800 50.000 23.600 3.600 0.600 0.000
0 48.000 1.800 56.000 12.600 3.600 0.600 90.000
0 45.000 1.800 62.000 6.600 3.600 0.600 180.000
0 42.000 1.800 59.000 6.600 3.600 0.600 -90.000
0 37.000 1.800 56.000 10.600 3.600 0.600 180.000
0 32.000 1.800 60.500 9.600 3.600 0.600 90.000
0 28.500 1.800 65.000 7.600 3.600 0.600 180.000
0 25.000 1.800 57.500 15.600 3.600 0.600 -90.000
0 64.000 1.800 22.000 8.600 3.600 0.600 0.000
0 68.000 1.800 26.000 8.600 3.600 0.600 90.000
0 64.000 1.800 30.000 8.600 3.600 0.600 180.000
0 60.000 1.800 26.000 8.600 3.600 0.600 -90.000
0 70.000 1.800 46.000 52.600 3.600 0.600 90.000
0 78.500 1.800 50.000 7.600 3.600 0.600 0.000
0 82.000 1.800 52.500 5.600 3.600 0.600 90.000
0 85.000 1.800 55.000 6.600 3.600 0.600 0.000
0 88.000 1.800 57.500 5.600 3.600 0.600 90.000
0 91.000 1.800 60.000 6.600 3.600 0.600 0.000
0 94.000 1.800 63.000 6.600 3.600 0.600 90.000
0 91.000 1.800 66.000 6.600 3.600 0.600 180.000
0 88.000 1.800 69.000 6.600 3.600 0.600 90.000
0 81.500 1.800 72.000 13.600 3.600 0.600 180.000
0 53.000 1.800 107.000 69.477 3.600 0.600 -64.179
0 80.500 1.800 84.000 33.842 3.600 0.600 21.161
0 80.500 1.800 96.000 33.842 3.600 0.600 158.839
0 80.000 1.800 87.000 21.481 3.600 0.600 16.699
0 80.000 1.800 93.000 21.481 3.600 0.600 163.301
0 70.000 1.800 107.000 10.600 3.600 0.600 90.000
0 76.000 1.800 112.000 12.600 3.600 0.600 0.000
0 82.000 1.800 117.000 10.600 3.600 0.600 90.000
0 79.000 1.800 122.000 6.600 3.600 0.600 180.000
0 76.000 1.800 129.000 14.600 3.600 0.600 90.000
0 81.000 1.800 136.000 10.600 3.600 0.600 0.000
0 86.000 1.800 124.000 24.600 3.600 0.600 -90.000
0 89.000 1.800 112.000 6.600 3.600 0.600 0.000
0 92.000 1.800 122.000 20.600 3.600 0.600 90.000
0 94.500 1.800 132.000 5.600 3.600 0.600 0.000
0 97.000 1.800 136.000 8.600 3.600 0.600 90.000
0 6.000 1.800 130.000 12.600 3.600 0.600 0.000
0 12.000 1.800 135.000 10.600 3.600 0.600 90.000
0 21.000 1.800 118.000 10.600 3.600 0.600 0.000
0 26.000 1.800 126.000 16.600 3.600 0.600 90.000
0 23.000 1.800 134.000 6.600 3.600 0.600 180.000
0 20.000 1.800 131.000 6.600 3.600 0.600 -90.000
0 30.000 1.800 107.000 50.600 3.600 0.600 90.000
0 40.000 1.800 88.000 12.600 3.600 0.600 0.000
0 46.000 1.800 91.000 6.600 3.600 0.600 90.000
0 43.000 1.800 94.000 6.600 3.600 0.600 180.000
0 40.000 1.800 99.000 10.600 3.600 0.600 90.000
0 46.000 1.800 104.000 12.600 3.600 0.600 0.000
0 52.000 1.800 109.000 10.600 3.600 0.600 90.000
0 47.000 1.800 114.000 10.600 3.600 0.600 180.000
0 42.000 1.800 119.000 10.600 3.600 0.600 90.000
0 49.000 1.800 124.000 14.600 3.600 0.600 0.000
0 56.000 1.800 130.000 12.600 3.600 0.600 90.000
0 14.000 1.800 91.000 10.600 3.600 0.600 90.000
0 17.000 1.800 96.000 6.600 3.600 0.600 0.000
0 10.000 1.800 73.000 10.600 3.600 0.600 90.000
0 7.500 1.800 78.000 5.600 3.600 0.600 180.000
0 5.000 1.800 75.000 6.600 3.600 0.600 -90.000
0 2.500 1.800 72.000 5.600 3.600 0.600 180.000
0 -5.000 1.800 70.000 10.000 3.600 170.000 0.000
0 105.000 1.800 70.000 10.000 3.600 170.000 0.000
0 50.000 1.800 -5.000 120.000 3.600 10.000 0.000
0 50.000 1.800 145.000 120.000 3.600 10.000 0.000
2 50.000 -0.100 70.000 130.000 0.200 170.000 0.000
3 50.000 3.700 70.000 130.000 0.200 170.000 0.000
