1166
-20.000 -1.400 -30.100 20.100 1.400 -30.000
-20.000 -1.400 -30.000 -19.900 1.400 30.100
-19.900 -1.400 30.000 20.100 1.400 30.100
-18.600 -1.400 -27.800 18.600 1.400 -27.700
-18.600 -1.400 -27.700 -18.500 1.400 27.800
-18.500 -1.400 27.700 18.600 1.400 27.800
-17.900 -1.400 5.500 -16.100 1.400 5.600
-17.900 -1.400 5.600 -17.800 1.400 6.400
-17.800 -1.400 6.300 -16.800 1.400 6.400
-17.600 -1.400 -13.900 -15.800 1.400 -13.800
-17.600 -1.400 -13.800 -17.500 1.400 -9.400
-17.600 -1.400 -0.700 -15.700 1.400 -0.600
-17.600 -1.400 -0.600 -17.500 1.400 2.300
-17.500 -1.400 -22.600 -12.200 1.400 -22.500
-17.500 -1.400 -22.500 -17.400 1.400 -17.900
-17.500 -1.400 -9.500 -14.000 1.400 -9.400
-17.500 -1.400 2.200 -13.800 1.400 2.300
-17.400 -1.400 -18.000 -15.800 1.400 -17.900
-17.300 -1.400 -26.900 -14.500 1.400 -26.800
-17.300 -1.400 -26.800 -17.200 1.400 -24.200
-17.200 -1.400 -24.300 -14.500 1.400 -24.200
-17.200 -1.400 23.700 -14.700 1.400 23.800
-17.200 -1.400 23.800 -17.100 1.400 25.800
-17.100 -1.400 25.700 -16.600 1.400 25.800
-17.000 -1.400 -13.200 -15.200 1.400 -13.100
-17.000 -1.400 -13.100 -16.900 1.400 -9.900
-17.000 -1.400 0.000 -15.000 1.400 0.100
-17.000 -1.400 0.100 -16.900 1.400 1.600
-16.900 -1.400 -26.600 -14.900 1.400 -26.500
-16.900 -1.400 -26.500 -16.800 1.400 -24.600
-16.900 -1.400 -22.000 -12.800 1.400 -21.900
-16.900 -1.400 -21.900 -16.800 1.400 -18.500
-16.900 -1.400 -10.000 -14.000 1.400 -9.900
-16.900 -1.400 1.500 -13.300 1.400 1.600
-16.900 -1.400 6.400 -16.800 1.400 8.700
-16.800 -1.400 -24.700 -14.900 1.400 -24.600
-16.800 -1.400 -18.600 -15.200 1.400 -18.500
-16.800 -1.400 8.600 -13.300 1.400 8.700
-16.800 -1.400 13.700 -14.300 1.400 13.800
-16.800 -1.400 13.800 -16.700 1.400 14.200
-16.700 -1.400 14.100 -14.600 1.400 14.200
-16.700 -1.400 24.200 -15.200 1.400 24.300
-16.700 -1.400 24.300 -16.600 1.400 25.700
-16.200 -1.400 5.600 -16.100 1.400 8.000
-16.100 -1.400 7.900 -13.800 1.400 8.000
-15.900 -1.400 -17.900 -15.800 1.400 -13.900
-15.800 -1.400 -2.500 -13.800 1.400 -2.400
-15.800 -1.400 -2.400 -15.700 1.400 -0.700
-15.300 -1.400 -18.500 -15.200 1.400 -13.200
-15.300 -1.400 24.300 -15.200 1.400 25.900
-15.200 -1.400 25.800 -15.100 1.400 25.900
-15.100 -1.400 -1.900 -13.200 1.400 -1.800
-15.100 -1.400 -1.800 -15.000 1.400 0.000
-15.100 -1.400 25.900 -14.900 1.400 26.000
-15.000 -1.400 -26.500 -14.900 1.400 -24.700
-14.900 -1.400 26.000 -14.600 1.400 26.100
-14.800 -1.400 23.800 -14.700 1.400 25.500
-14.700 -1.400 14.200 -14.600 1.400 16.200
-14.700 -1.400 25.400 -14.600 1.400 25.500
-14.700 -1.400 26.100 -14.400 1.400 26.200
-14.600 -1.400 -26.800 -14.500 1.400 -24.300
-14.600 -1.400 16.100 -14.300 1.400 16.200
-14.600 -1.400 25.500 -14.400 1.400 25.600
-14.400 -1.400 -12.100 -8.800 1.400 -12.000
-14.400 -1.400 -12.000 -14.300 1.400 -11.300
-14.400 -1.400 13.800 -14.300 1.400 16.100
-14.400 -1.400 25.600 -14.200 1.400 25.700
-14.400 -1.400 26.200 -14.200 1.400 26.300
-14.300 -1.400 -11.400 -8.000 1.400 -11.300
-14.200 -1.400 25.700 -13.900 1.400 25.800
-14.200 -1.400 26.300 -13.900 1.400 26.400
-14.100 -1.400 -9.900 -14.000 1.400 -9.500
-13.900 -1.400 -4.400 -10.700 1.400 -4.300
-13.900 -1.400 -4.300 -13.800 1.400 -2.500
-13.900 -1.400 2.300 -13.800 1.400 7.900
-13.900 -1.400 25.800 -13.700 1.400 25.900
-13.900 -1.400 26.400 -13.700 1.400 26.500
-13.700 -1.400 25.900 -13.500 1.400 26.000
-13.700 -1.400 26.500 -13.400 1.400 26.600
-13.600 -1.400 18.700 -6.500 1.400 18.800
-13.600 -1.400 18.800 -13.500 1.400 19.300
-13.500 -1.400 19.200 -10.600 1.400 19.300
-13.500 -1.400 26.000 -13.300 1.400 26.100
-13.500 -1.400 26.600 -13.200 1.400 26.700
-13.400 -1.400 1.600 -13.300 1.400 8.600
-13.400 -1.400 22.200 -11.400 1.400 22.300
-13.400 -1.400 22.300 -13.300 1.400 26.000
-13.300 -1.400 -3.900 -10.700 1.400 -3.800
-13.300 -1.400 -3.800 -13.200 1.400 -1.900
-13.200 -1.400 26.700 -13.000 1.400 26.800
-13.000 -1.400 26.800 -12.800 1.400 26.900
-12.900 -1.400 -21.900 -12.800 1.400 -18.300
-12.900 -1.400 22.700 -11.400 1.400 22.800
-12.900 -1.400 22.800 -12.800 1.400 26.800
-12.800 -1.400 -18.400 -9.700 1.400 -18.300
-12.700 -1.400 10.100 -12.000 1.400 10.200
-12.700 -1.400 10.200 -12.600 1.400 15.800
-12.600 -1.400 15.700 -7.300 1.400 15.800
-12.300 -1.400 -22.500 -12.200 1.400 -19.000
-12.200 -1.400 -19.100 -9.700 1.400 -19.000
-12.100 -1.400 10.200 -12.000 1.400 15.200
-12.100 -1.400 25.300 -10.600 1.400 25.400
-12.100 -1.400 25.400 -12.000 1.400 26.000
-12.000 -1.400 15.100 -9.500 1.400 15.200
-12.000 -1.400 25.900 -10.000 1.400 26.000
-11.500 -1.400 22.300 -11.400 1.400 22.700
-11.300 -1.400 -24.100 -11.200 1.400 -23.600
-11.200 -1.400 -24.300 -11.100 1.400 -24.100
-11.200 -1.400 -23.700 -9.100 1.400 -23.600
-11.200 -1.400 -1.300 7.400 1.400 -1.200
-11.200 -1.400 -1.200 -11.100 1.400 -0.700
-11.100 -1.400 -24.400 -11.000 1.400 -24.300
-11.100 -1.400 -0.800 8.000 1.400 -0.700
-11.000 -1.400 -24.600 -10.800 1.400 -24.500
-11.000 -1.400 -24.500 -10.900 1.400 -24.400
-11.000 -1.400 -17.400 -3.300 1.400 -17.300
-11.000 -1.400 -17.300 -10.900 1.400 -14.500
-10.900 -1.400 -24.700 -10.800 1.400 -24.600
-10.900 -1.400 -14.600 -8.800 1.400 -14.500
-10.800 -1.400 -24.800 -10.700 1.400 -24.700
-10.800 -1.400 -24.100 -6.600 1.400 -24.000
-10.800 -1.400 -4.300 -10.700 1.400 -3.900
-10.700 -1.400 -25.000 -10.600 1.400 -24.800
-10.700 -1.400 -24.300 -10.600 1.400 -24.100
-10.700 -1.400 19.300 -10.600 1.400 25.300
-10.600 -1.400 -25.100 -10.500 1.400 -25.000
-10.600 -1.400 -24.400 -10.500 1.400 -24.300
-10.500 -1.400 -25.300 -10.400 1.400 -25.100
-10.500 -1.400 -24.600 -10.300 1.400 -24.500
-10.500 -1.400 -24.500 -10.400 1.400 -24.400
-10.400 -1.400 -25.400 -10.300 1.400 -25.300
-10.400 -1.400 -24.700 -10.300 1.400 -24.600
-10.300 -1.400 -25.600 -10.100 1.400 -25.500
-10.300 -1.400 -25.500 -10.200 1.400 -25.400
-10.300 -1.400 -24.800 -10.200 1.400 -24.700
-10.200 -1.400 -25.700 -10.100 1.400 -25.600
-10.200 -1.400 -25.000 -10.100 1.400 -24.800
-10.200 -1.400 -16.600 -4.000 1.400 -16.500
-10.200 -1.400 -16.500 -10.100 1.400 -15.300
-10.100 -1.400 -25.800 -10.000 1.400 -25.700
-10.100 -1.400 -25.100 -10.000 1.400 -25.000
-10.100 -1.400 -15.400 -8.000 1.400 -15.300
-10.100 -1.400 19.200 -7.000 1.400 19.300
-10.100 -1.400 19.300 -10.000 1.400 25.900
-10.000 -1.400 -26.000 -9.900 1.400 -25.800
-10.000 -1.400 -25.300 -9.900 1.400 -25.100
-9.900 -1.400 -26.100 -9.800 1.400 -26.000
-9.900 -1.400 -25.400 -9.800 1.400 -25.300
-9.800 -1.400 -26.300 -9.700 1.400 -26.100
-9.800 -1.400 -25.600 -9.600 1.400 -25.500
-9.800 -1.400 -25.500 -9.700 1.400 -25.400
-9.800 -1.400 -19.000 -9.700 1.400 -18.400
-9.700 -1.400 -26.400 -9.600 1.400 -26.300
-9.700 -1.400 -25.700 -9.600 1.400 -25.600
-9.600 -1.400 -26.600 -9.400 1.400 -26.500
-9.600 -1.400 -26.500 -9.500 1.400 -26.400
-9.600 -1.400 -25.800 -9.500 1.400 -25.700
-9.600 -1.400 2.600 -6.400 1.400 2.700
-9.600 -1.400 2.700 -9.500 1.400 15.100
-9.500 -1.400 -26.700 -9.400 1.400 -26.600
-9.500 -1.400 -26.000 -9.400 1.400 -25.800
-9.400 -1.400 -26.800 -9.300 1.400 -26.700
-9.400 -1.400 -26.100 -9.300 1.400 -26.000
-9.300 -1.400 -27.000 -9.200 1.400 -26.800
-9.300 -1.400 -26.300 -9.200 1.400 -26.100
-9.200 -1.400 -27.100 -8.600 1.400 -27.000
-9.200 -1.400 -26.400 -9.100 1.400 -26.300
-9.200 -1.400 -23.600 -4.900 1.400 -23.500
-9.100 -1.400 -26.600 -8.900 1.400 -26.500
-9.100 -1.400 -26.500 -9.000 1.400 -26.400
-9.000 -1.400 -26.700 -8.900 1.400 -26.600
-9.000 -1.400 3.300 -7.000 1.400 3.400
-9.000 -1.400 3.400 -8.900 1.400 15.200
-9.000 -1.400 21.100 -7.000 1.400 21.200
-9.000 -1.400 21.200 -8.900 1.400 24.000
-8.900 -1.400 -26.800 -8.800 1.400 -26.700
-8.900 -1.400 -14.500 -8.800 1.400 -12.100
-8.900 -1.400 15.100 -7.800 1.400 15.200
-8.900 -1.400 23.900 -5.400 1.400 24.000
-8.800 -1.400 -27.000 -8.700 1.400 -26.800
-8.800 -1.400 -5.000 -3.600 1.400 -4.900
-8.800 -1.400 -4.900 -8.700 1.400 -2.100
-8.700 -1.400 -2.200 -8.300 1.400 -2.100
-8.400 -1.400 -4.600 -4.000 1.400 -4.500
-8.400 -1.400 -4.500 -8.300 1.400 -2.200
-8.300 -1.400 21.700 -6.500 1.400 21.800
-8.300 -1.400 21.800 -8.200 1.400 23.300
-8.200 -1.400 23.200 -5.400 1.400 23.300
-8.100 -1.400 -15.300 -8.000 1.400 -11.400
-7.900 -1.400 10.100 -5.500 1.400 10.200
-7.900 -1.400 10.200 -7.800 1.400 15.100
-7.600 -1.400 -9.500 -4.000 1.400 -9.400
-7.600 -1.400 -9.400 -7.500 1.400 -6.700
-7.500 -1.400 -6.800 3.800 1.400 -6.700
-7.400 -1.400 10.700 -6.000 1.400 10.800
-7.400 -1.400 10.800 -7.300 1.400 15.700
-7.200 -1.400 -19.300 -7.100 1.400 -19.200
-7.100 -1.400 -19.400 -7.000 1.400 -19.300
-7.100 -1.400 -19.200 -7.000 1.400 -19.100
-7.100 -1.400 3.400 -7.000 1.400 7.200
-7.100 -1.400 19.300 -7.000 1.400 21.100
-7.000 -1.400 -19.500 -6.900 1.400 -19.400
-7.000 -1.400 -19.100 -6.900 1.400 -19.000
-7.000 -1.400 -8.700 -3.300 1.400 -8.600
-7.000 -1.400 -8.600 -6.900 1.400 -7.400
-7.000 -1.400 7.100 -1.500 1.400 7.200
-6.900 -1.400 -19.600 -6.800 1.400 -19.500
-6.900 -1.400 -19.000 -6.800 1.400 -18.900
-6.900 -1.400 -7.500 3.100 1.400 -7.400
-6.800 -1.400 -19.700 -6.700 1.400 -19.600
-6.800 -1.400 -18.900 -6.700 1.400 -18.800
-6.700 -1.400 -24.000 -2.500 1.400 -23.900
-6.700 -1.400 -19.800 -6.600 1.400 -19.700
-6.700 -1.400 -19.000 -6.600 1.400 -18.900
-6.700 -1.400 8.400 -4.000 1.400 8.500
-6.700 -1.400 8.500 -6.600 1.400 9.100
-6.600 -1.400 -19.900 -6.500 1.400 -19.800
-6.600 -1.400 -19.100 -6.500 1.400 -19.000
-6.600 -1.400 9.000 -4.500 1.400 9.100
-6.600 -1.400 18.800 -6.500 1.400 21.700
-6.500 -1.400 -20.000 -6.400 1.400 -19.900
-6.500 -1.400 -19.200 -6.400 1.400 -19.100
-6.500 -1.400 2.700 -6.400 1.400 6.500
-6.400 -1.400 -20.100 -6.300 1.400 -20.000
-6.400 -1.400 -19.300 -6.300 1.400 -19.200
-6.400 -1.400 6.400 -2.200 1.400 6.500
-6.300 -1.400 -20.200 -6.200 1.400 -20.100
-6.300 -1.400 -19.400 -6.200 1.400 -19.300
-6.200 -1.400 -20.300 -6.100 1.400 -20.200
-6.200 -1.400 -19.500 -6.100 1.400 -19.400
-6.100 -1.400 -20.400 -6.000 1.400 -20.300
-6.100 -1.400 -19.600 -6.000 1.400 -19.500
-6.100 -1.400 10.800 -6.000 1.400 13.800
-6.000 -1.400 -20.500 -5.900 1.400 -20.400
-6.000 -1.400 -19.700 -5.900 1.400 -19.600
-6.000 -1.400 13.700 -5.500 1.400 13.800
-5.900 -1.400 -20.600 -5.800 1.400 -20.500
-5.900 -1.400 -19.800 -5.800 1.400 -19.700
-5.800 -1.400 -20.700 -5.700 1.400 -20.600
-5.800 -1.400 -19.900 -5.700 1.400 -19.800
-5.700 -1.400 -20.800 -5.600 1.400 -20.700
-5.700 -1.400 -20.000 -5.600 1.400 -19.900
-5.600 -1.400 -20.900 -5.500 1.400 -20.800
-5.600 -1.400 -20.100 -5.500 1.400 -20.000
-5.600 -1.400 10.200 -5.500 1.400 13.700
-5.500 -1.400 -21.000 -5.400 1.400 -20.900
-5.500 -1.400 -20.200 -5.400 1.400 -20.100
-5.500 -1.400 23.300 -5.400 1.400 23.900
-5.400 -1.400 -21.100 -5.300 1.400 -21.000
-5.400 -1.400 -20.300 -5.300 1.400 -20.200
-5.300 -1.400 -21.200 -5.200 1.400 -21.100
-5.300 -1.400 -20.400 -5.200 1.400 -20.300
-5.200 -1.400 -21.300 -5.100 1.400 -21.200
-5.200 -1.400 -20.500 -5.100 1.400 -20.400
-5.100 -1.400 -21.400 -4.900 1.400 -21.300
-5.100 -1.400 -20.600 -5.000 1.400 -20.500
-5.000 -1.400 -23.500 -2.800 1.400 -23.400
-5.000 -1.400 -20.700 -4.900 1.400 -20.600
-4.900 -1.400 -21.500 -4.800 1.400 -21.400
-4.900 -1.400 -20.800 -4.800 1.400 -20.700
-4.800 -1.400 -21.600 -4.700 1.400 -21.500
-4.800 -1.400 -20.900 -4.700 1.400 -20.800
-4.700 -1.400 -21.700 -4.600 1.400 -21.600
-4.700 -1.400 -21.000 -4.600 1.400 -20.900
-4.600 -1.400 -21.800 -4.500 1.400 -21.700
-4.600 -1.400 -21.100 -4.500 1.400 -21.000
-4.600 -1.400 9.100 -4.500 1.400 26.000
-4.500 -1.400 -21.900 -4.400 1.400 -21.800
-4.500 -1.400 -21.300 -4.300 1.400 -21.200
-4.500 -1.400 -21.200 -4.400 1.400 -21.100
-4.500 -1.400 25.900 -4.000 1.400 26.000
-4.400 -1.400 -22.000 -4.300 1.400 -21.900
-4.400 -1.400 -21.400 -4.300 1.400 -21.300
-4.300 -1.400 -22.100 -4.200 1.400 -22.000
-4.300 -1.400 -21.500 -4.200 1.400 -21.400
-4.200 -1.400 -22.200 -4.100 1.400 -22.100
-4.200 -1.400 -21.600 -4.100 1.400 -21.500
-4.100 -1.400 -22.300 -4.000 1.400 -22.200
-4.100 -1.400 -21.700 -4.000 1.400 -21.600
-4.100 -1.400 -16.500 -4.000 1.400 -9.500
-4.100 -1.400 -4.500 -4.000 1.400 -2.900
-4.100 -1.400 0.100 9.400 1.400 0.200
-4.100 -1.400 0.200 -4.000 1.400 0.600
-4.100 -1.400 8.500 -4.000 1.400 25.900
-4.000 -1.400 -22.400 -3.900 1.400 -22.300
-4.000 -1.400 -21.800 -3.900 1.400 -21.700
-4.000 -1.400 -3.000 7.400 1.400 -2.900
-4.000 -1.400 0.500 8.900 1.400 0.600
-3.900 -1.400 -22.500 -3.800 1.400 -22.400
-3.900 -1.400 -21.900 -3.800 1.400 -21.800
-3.800 -1.400 -22.600 -3.700 1.400 -22.500
-3.800 -1.400 -22.000 -3.700 1.400 -21.900
-3.700 -1.400 -22.700 -3.600 1.400 -22.600
-3.700 -1.400 -22.100 -3.600 1.400 -22.000
-3.700 -1.400 -4.900 -3.600 1.400 -3.400
-3.600 -1.400 -22.800 -3.500 1.400 -22.700
-3.600 -1.400 -22.200 -3.500 1.400 -22.100
-3.600 -1.400 -3.500 8.000 1.400 -3.400
-3.500 -1.400 -22.900 -3.400 1.400 -22.800
-3.500 -1.400 -22.300 -3.400 1.400 -22.200
-3.400 -1.400 -23.000 -3.300 1.400 -22.900
-3.400 -1.400 -22.400 -3.300 1.400 -22.300
-3.400 -1.400 -17.300 -3.300 1.400 -8.700
-3.300 -1.400 -23.100 -3.200 1.400 -23.000
-3.300 -1.400 -22.500 -3.200 1.400 -22.400
-3.300 -1.400 13.600 -3.200 1.400 13.800
-3.200 -1.400 -23.200 -3.100 1.400 -23.100
-3.200 -1.400 -22.600 -3.100 1.400 -22.500
-3.200 -1.400 13.400 -3.100 1.400 13.600
-3.200 -1.400 13.700 -3.100 1.400 13.800
-3.100 -1.400 -23.300 -3.000 1.400 -23.200
-3.100 -1.400 -22.700 -3.000 1.400 -22.600
-3.100 -1.400 13.100 -3.000 1.400 13.400
-3.100 -1.400 13.800 -2.900 1.400 13.900
-3.000 -1.400 -23.400 -2.900 1.400 -23.300
-3.000 -1.400 -22.800 -2.900 1.400 -22.700
-3.000 -1.400 12.900 -2.900 1.400 13.100
-3.000 -1.400 23.100 -0.600 1.400 23.200
-3.000 -1.400 23.200 -2.900 1.400 26.800
-2.900 -1.400 -22.900 -2.800 1.400 -22.800
-2.900 -1.400 12.700 -2.800 1.400 12.900
-2.900 -1.400 13.900 -2.700 1.400 14.000
-2.900 -1.400 15.200 1.200 1.400 15.300
-2.900 -1.400 15.300 -2.800 1.400 18.500
-2.900 -1.400 26.700 -2.300 1.400 26.800
-2.800 -1.400 -23.000 -2.700 1.400 -22.900
-2.800 -1.400 12.400 -2.700 1.400 12.700
-2.800 -1.400 13.800 -2.700 1.400 13.900
-2.800 -1.400 18.400 -0.400 1.400 18.500
-2.700 -1.400 -23.100 -2.600 1.400 -23.000
-2.700 -1.400 12.200 -2.600 1.400 12.400
-2.700 -1.400 13.600 -2.600 1.400 13.800
-2.600 -1.400 -23.200 -2.500 1.400 -23.100
-2.600 -1.400 11.900 -2.500 1.400 12.200
-2.600 -1.400 13.300 -2.500 1.400 13.600
-2.500 -1.400 -23.900 -2.300 1.400 -23.800
-2.500 -1.400 -23.300 -2.400 1.400 -23.200
-2.500 -1.400 11.700 -2.400 1.400 11.900
-2.500 -1.400 13.100 -2.400 1.400 13.300
-2.400 -1.400 -23.400 -2.300 1.400 -23.300
-2.400 -1.400 11.400 -2.200 1.400 11.500
-2.400 -1.400 11.500 -2.300 1.400 11.700
-2.400 -1.400 12.900 -2.300 1.400 13.100
-2.400 -1.400 15.800 1.800 1.400 15.900
-2.400 -1.400 15.900 -2.300 1.400 17.900
-2.400 -1.400 24.000 0.000 1.400 24.100
-2.400 -1.400 24.100 -2.300 1.400 26.700
-2.300 -1.400 -23.800 -2.100 1.400 -23.700
-2.300 -1.400 -23.500 -2.200 1.400 -23.400
-2.300 -1.400 2.700 6.200 1.400 2.800
-2.300 -1.400 2.800 -2.200 1.400 6.400
-2.300 -1.400 11.200 -2.200 1.400 11.400
-2.300 -1.400 12.600 -2.200 1.400 12.900
-2.300 -1.400 17.800 -0.400 1.400 17.900
-2.200 -1.400 -23.600 -2.100 1.400 -23.500
-2.200 -1.400 -14.700 3.800 1.400 -14.600
-2.200 -1.400 -14.600 -2.100 1.400 -8.500
-2.200 -1.400 11.000 -2.100 1.400 11.200
-2.200 -1.400 12.400 -2.100 1.400 12.600
-2.100 -1.400 -23.700 -2.000 1.400 -23.600
-2.100 -1.400 -8.600 2.200 1.400 -8.500
-2.100 -1.400 10.700 -2.000 1.400 11.000
-2.100 -1.400 12.100 -2.000 1.400 12.400
-2.000 -1.400 10.500 -1.900 1.400 10.700
-2.000 -1.400 11.900 -1.900 1.400 12.100
-1.900 -1.400 10.200 -1.800 1.400 10.500
-1.900 -1.400 11.600 -1.700 1.400 11.700
-1.900 -1.400 11.700 -1.800 1.400 11.900
-1.800 -1.400 10.000 -1.700 1.400 10.200
-1.800 -1.400 11.400 -1.700 1.400 11.600
-1.700 -1.400 9.800 -1.600 1.400 10.000
-1.700 -1.400 11.200 -1.600 1.400 11.400
-1.600 -1.400 3.300 5.600 1.400 3.400
-1.600 -1.400 3.400 -1.500 1.400 7.100
-1.600 -1.400 9.500 -1.500 1.400 9.800
-1.600 -1.400 10.900 -1.500 1.400 11.200
-1.500 -1.400 -14.000 3.100 1.400 -13.900
-1.500 -1.400 -13.900 -1.400 1.400 -9.200
-1.500 -1.400 9.300 -1.400 1.400 9.500
-1.500 -1.400 10.700 -1.400 1.400 10.900
-1.400 -1.400 -9.300 1.500 1.400 -9.200
-1.400 -1.400 9.000 -1.300 1.400 9.300
-1.400 -1.400 10.400 -1.300 1.400 10.700
-1.300 -1.400 8.800 -1.200 1.400 9.000
-1.300 -1.400 10.200 -1.200 1.400 10.400
-1.200 -1.400 8.500 -1.100 1.400 8.800
-1.200 -1.400 10.000 -1.100 1.400 10.200
-1.100 -1.400 8.300 -1.000 1.400 8.500
-1.100 -1.400 9.700 -1.000 1.400 10.000
-1.000 -1.400 8.100 -0.900 1.400 8.300
-1.000 -1.400 9.500 -0.900 1.400 9.700
-0.900 -1.400 7.800 -0.800 1.400 8.100
-0.900 -1.400 9.200 -0.800 1.400 9.500
-0.800 -1.400 7.600 -0.700 1.400 7.800
-0.800 -1.400 9.000 -0.700 1.400 9.200
-0.700 -1.400 7.300 -0.600 1.400 7.600
-0.700 -1.400 8.700 -0.600 1.400 9.000
-0.700 -1.400 20.000 1.300 1.400 20.100
-0.700 -1.400 20.100 -0.600 1.400 23.100
-0.600 -1.400 7.100 -0.500 1.400 7.300
-0.600 -1.400 8.500 -0.500 1.400 8.700
-0.500 -1.400 6.800 -0.300 1.400 6.900
-0.500 -1.400 6.900 -0.400 1.400 7.100
-0.500 -1.400 8.300 -0.400 1.400 8.500
-0.500 -1.400 17.900 -0.400 1.400 18.400
-0.400 -1.400 6.600 -0.300 1.400 6.800
-0.400 -1.400 8.000 -0.300 1.400 8.300
-0.300 -1.400 -22.800 2.300 1.400 -22.700
-0.300 -1.400 -22.700 -0.200 1.400 -15.500
-0.300 -1.400 -12.900 2.200 1.400 -12.800
-0.300 -1.400 -12.800 -0.200 1.400 -10.300
-0.300 -1.400 6.400 -0.200 1.400 6.600
-0.300 -1.400 7.800 -0.200 1.400 8.000
-0.200 -1.400 -15.600 0.300 1.400 -15.500
-0.200 -1.400 -10.400 0.300 1.400 -10.300
-0.200 -1.400 6.100 -0.100 1.400 6.400
-0.200 -1.400 7.500 -0.100 1.400 7.800
-0.100 -1.400 5.900 0.000 1.400 6.100
-0.100 -1.400 7.300 0.000 1.400 7.500
-0.100 -1.400 20.800 2.000 1.400 20.900
-0.100 -1.400 20.900 0.000 1.400 24.000
0.000 -1.400 5.600 0.100 1.400 5.900
0.000 -1.400 7.000 0.200 1.400 7.100
0.000 -1.400 7.100 0.100 1.400 7.300
0.100 -1.400 5.400 0.200 1.400 5.600
0.100 -1.400 6.800 0.200 1.400 7.000
0.100 -1.400 26.700 0.300 1.400 26.800
0.200 -1.400 -22.100 1.600 1.400 -22.000
0.200 -1.400 -22.000 0.300 1.400 -15.600
0.200 -1.400 -12.200 1.500 1.400 -12.100
0.200 -1.400 -12.100 0.300 1.400 -10.400
0.200 -1.400 5.200 0.300 1.400 5.400
0.200 -1.400 6.600 0.300 1.400 6.800
0.200 -1.400 26.500 0.300 1.400 26.700
0.300 -1.400 4.900 0.400 1.400 5.200
0.300 -1.400 6.300 0.400 1.400 6.600
0.300 -1.400 26.300 0.400 1.400 26.500
0.300 -1.400 26.800 0.500 1.400 26.900
0.400 -1.400 4.700 0.500 1.400 4.900
0.400 -1.400 6.100 0.500 1.400 6.300
0.400 -1.400 26.100 0.500 1.400 26.300
0.500 -1.400 4.500 0.700 1.400 4.600
0.500 -1.400 4.600 0.600 1.400 4.700
0.500 -1.400 5.800 0.600 1.400 6.100
0.500 -1.400 25.900 0.600 1.400 26.100
0.500 -1.400 26.900 0.700 1.400 27.000
0.600 -1.400 5.600 0.700 1.400 5.800
0.600 -1.400 25.700 0.800 1.400 25.800
0.600 -1.400 25.800 0.700 1.400 25.900
0.600 -1.400 26.800 0.800 1.400 26.900
0.700 -1.400 4.600 0.900 1.400 4.700
0.700 -1.400 5.400 0.800 1.400 5.600
0.700 -1.400 25.600 0.800 1.400 25.700
0.700 -1.400 26.600 0.900 1.400 26.700
0.700 -1.400 26.700 0.800 1.400 26.800
0.800 -1.400 5.100 0.900 1.400 5.400
0.800 -1.400 25.400 0.900 1.400 25.600
0.800 -1.400 26.400 1.000 1.400 26.500
0.800 -1.400 26.500 0.900 1.400 26.600
0.900 -1.400 4.700 1.100 1.400 4.800
0.900 -1.400 4.900 1.000 1.400 5.100
0.900 -1.400 25.200 1.000 1.400 25.400
0.900 -1.400 26.200 1.100 1.400 26.300
0.900 -1.400 26.300 1.000 1.400 26.400
1.000 -1.400 4.800 1.100 1.400 4.900
1.000 -1.400 25.000 1.100 1.400 25.200
1.000 -1.400 26.000 1.200 1.400 26.100
1.000 -1.400 26.100 1.100 1.400 26.200
1.100 -1.400 9.300 1.800 1.400 9.400
1.100 -1.400 9.400 1.200 1.400 15.200
1.100 -1.400 24.800 1.200 1.400 25.000
1.100 -1.400 25.800 1.300 1.400 25.900
1.100 -1.400 25.900 1.200 1.400 26.000
1.200 -1.400 17.200 2.900 1.400 17.300
1.200 -1.400 17.300 1.300 1.400 20.000
1.200 -1.400 24.600 1.300 1.400 24.800
1.200 -1.400 25.600 1.400 1.400 25.700
1.200 -1.400 25.700 1.300 1.400 25.800
1.300 -1.400 24.400 1.400 1.400 24.600
1.300 -1.400 25.400 1.500 1.400 25.500
1.300 -1.400 25.500 1.400 1.400 25.600
1.400 -1.400 -12.100 1.500 1.400 -9.300
1.400 -1.400 24.200 1.500 1.400 24.400
1.400 -1.400 25.200 1.600 1.400 25.300
1.400 -1.400 25.300 1.500 1.400 25.400
1.500 -1.400 -22.000 1.600 1.400 -20.000
1.500 -1.400 23.900 1.700 1.400 24.000
1.500 -1.400 24.000 1.600 1.400 24.200
1.500 -1.400 25.000 1.700 1.400 25.100
1.500 -1.400 25.100 1.600 1.400 25.200
1.600 -1.400 -20.100 3.500 1.400 -20.000
1.600 -1.400 23.700 1.800 1.400 23.800
1.600 -1.400 23.800 1.700 1.400 23.900
1.600 -1.400 24.900 4.400 1.400 25.000
1.700 -1.400 9.400 1.800 1.400 15.800
1.700 -1.400 23.500 1.900 1.400 23.600
1.700 -1.400 23.600 1.800 1.400 23.700
1.800 -1.400 23.300 2.000 1.400 23.400
1.800 -1.400 23.400 1.900 1.400 23.500
1.900 -1.400 17.800 3.400 1.400 17.900
1.900 -1.400 17.900 2.000 1.400 20.800
1.900 -1.400 23.100 2.100 1.400 23.200
1.900 -1.400 23.200 2.000 1.400 23.300
2.000 -1.400 22.900 2.200 1.400 23.000
2.000 -1.400 23.000 2.100 1.400 23.100
2.000 -1.400 24.100 2.100 1.400 24.300
2.100 -1.400 -12.800 2.200 1.400 -8.600
2.100 -1.400 22.700 2.300 1.400 22.800
2.100 -1.400 22.800 2.200 1.400 22.900
2.100 -1.400 23.900 2.200 1.400 24.100
2.100 -1.400 24.200 4.400 1.400 24.300
2.200 -1.400 -22.700 2.300 1.400 -20.700
2.200 -1.400 22.500 2.400 1.400 22.600
2.200 -1.400 22.600 2.300 1.400 22.700
2.200 -1.400 23.700 2.300 1.400 23.900
2.300 -1.400 -20.800 4.200 1.400 -20.700
2.300 -1.400 22.300 2.500 1.400 22.400
2.300 -1.400 22.400 2.400 1.400 22.500
2.300 -1.400 23.500 2.400 1.400 23.700
2.400 -1.400 22.100 2.600 1.400 22.200
2.400 -1.400 22.200 2.500 1.400 22.300
2.400 -1.400 23.300 2.500 1.400 23.500
2.500 -1.400 21.900 2.700 1.400 22.000
2.500 -1.400 22.000 2.600 1.400 22.100
2.500 -1.400 23.100 2.600 1.400 23.300
2.600 -1.400 21.700 2.800 1.400 21.800
2.600 -1.400 21.800 2.700 1.400 21.900
2.600 -1.400 22.900 2.700 1.400 23.100
2.700 -1.400 21.600 2.800 1.400 21.700
2.700 -1.400 22.700 2.800 1.400 22.900
2.800 -1.400 9.300 3.400 1.400 9.400
2.800 -1.400 9.400 2.900 1.400 17.200
2.800 -1.400 21.400 2.900 1.400 21.600
2.800 -1.400 22.500 2.900 1.400 22.700
2.900 -1.400 21.200 3.000 1.400 21.400
2.900 -1.400 22.300 3.000 1.400 22.500
3.000 -1.400 -13.900 3.100 1.400 -7.500
3.000 -1.400 21.000 3.100 1.400 21.200
3.000 -1.400 22.100 3.100 1.400 22.300
3.100 -1.400 20.800 3.200 1.400 21.000
3.100 -1.400 21.900 8.600 1.400 22.000
3.100 -1.400 22.000 3.200 1.400 22.100
3.200 -1.400 20.600 3.300 1.400 20.800
3.300 -1.400 9.400 3.400 1.400 17.800
3.300 -1.400 20.400 3.400 1.400 20.600
3.400 -1.400 -20.000 3.500 1.400 -18.200
3.400 -1.400 20.200 3.500 1.400 20.400
3.400 -1.400 21.300 8.600 1.400 21.400
3.500 -1.400 -18.300 5.300 1.400 -18.200
3.500 -1.400 20.000 3.600 1.400 20.200
3.500 -1.400 21.100 3.600 1.400 21.300
3.600 -1.400 19.800 3.700 1.400 20.000
3.600 -1.400 20.900 3.700 1.400 21.100
3.700 -1.400 -14.600 3.800 1.400 -6.800
3.700 -1.400 19.600 3.800 1.400 19.800
3.700 -1.400 20.700 3.800 1.400 20.900
3.800 -1.400 19.400 3.900 1.400 19.600
3.800 -1.400 20.500 3.900 1.400 20.700
3.900 -1.400 19.200 4.000 1.400 19.400
3.900 -1.400 20.300 4.000 1.400 20.500
4.000 -1.400 19.000 4.100 1.400 19.200
4.000 -1.400 20.100 4.100 1.400 20.300
4.100 -1.400 -20.700 4.200 1.400 -18.900
4.100 -1.400 18.800 4.200 1.400 19.000
4.100 -1.400 19.900 4.200 1.400 20.100
4.200 -1.400 -19.000 6.000 1.400 -18.900
4.200 -1.400 18.600 4.300 1.400 18.800
4.200 -1.400 19.700 4.300 1.400 19.900
4.300 -1.400 18.400 4.400 1.400 18.600
4.300 -1.400 19.500 4.400 1.400 19.700
4.300 -1.400 24.300 4.400 1.400 24.900
4.400 -1.400 18.200 4.500 1.400 18.400
4.400 -1.400 19.300 4.500 1.400 19.500
4.500 -1.400 18.000 4.600 1.400 18.200
4.500 -1.400 19.100 4.600 1.400 19.300
4.600 -1.400 17.800 4.700 1.400 18.000
4.600 -1.400 18.900 4.700 1.400 19.100
4.700 -1.400 17.600 4.800 1.400 17.800
4.700 -1.400 18.700 4.800 1.400 18.900
4.800 -1.400 17.400 4.900 1.400 17.600
4.800 -1.400 18.500 4.900 1.400 18.700
4.900 -1.400 17.200 5.000 1.400 17.400
4.900 -1.400 18.300 5.000 1.400 18.500
5.000 -1.400 17.000 5.100 1.400 17.200
5.000 -1.400 18.100 5.100 1.400 18.300
5.100 -1.400 16.800 5.200 1.400 17.000
5.100 -1.400 17.900 5.200 1.400 18.100
5.200 -1.400 -18.200 5.300 1.400 -15.900
5.200 -1.400 16.500 5.300 1.400 16.800
5.200 -1.400 17.700 5.300 1.400 17.900
5.300 -1.400 -16.000 7.900 1.400 -15.900
5.300 -1.400 16.300 5.400 1.400 16.500
5.300 -1.400 17.500 5.400 1.400 17.700
5.400 -1.400 16.100 5.500 1.400 16.300
5.400 -1.400 17.300 5.500 1.400 17.500
5.500 -1.400 3.400 5.600 1.400 5.900
5.500 -1.400 15.900 5.600 1.400 16.100
5.500 -1.400 17.100 5.600 1.400 17.300
5.600 -1.400 5.800 7.800 1.400 5.900
5.600 -1.400 15.700 5.700 1.400 15.900
5.600 -1.400 16.900 5.700 1.400 17.100
5.700 -1.400 15.500 5.800 1.400 15.700
5.700 -1.400 16.700 5.800 1.400 16.900
5.800 -1.400 -12.000 11.800 1.400 -11.900
5.800 -1.400 -11.900 5.900 1.400 -4.600
5.800 -1.400 15.300 5.900 1.400 15.500
5.800 -1.400 16.500 5.900 1.400 16.700
5.900 -1.400 -18.900 6.000 1.400 -16.600
5.900 -1.400 -4.700 6.500 1.400 -4.600
5.900 -1.400 15.100 6.000 1.400 15.300
5.900 -1.400 16.300 6.000 1.400 16.500
6.000 -1.400 -16.700 7.300 1.400 -16.600
6.000 -1.400 14.900 6.100 1.400 15.100
6.000 -1.400 16.100 6.100 1.400 16.300
6.100 -1.400 3.300 6.200 1.400 5.200
6.100 -1.400 14.700 6.200 1.400 14.900
6.100 -1.400 15.900 6.200 1.400 16.100
6.200 -1.400 2.600 6.300 1.400 2.700
6.200 -1.400 3.200 6.300 1.400 3.300
6.200 -1.400 5.100 8.400 1.400 5.200
6.200 -1.400 14.500 6.300 1.400 14.700
6.200 -1.400 15.700 6.300 1.400 15.900
6.300 -1.400 2.500 6.500 1.400 2.600
6.300 -1.400 3.100 6.500 1.400 3.200
6.300 -1.400 14.300 6.400 1.400 14.500
6.300 -1.400 15.500 6.400 1.400 15.700
6.300 -1.400 18.000 8.000 1.400 18.100
6.300 -1.400 18.100 6.400 1.400 20.500
6.400 -1.400 -11.400 11.100 1.400 -11.300
6.400 -1.400 -11.300 6.500 1.400 -4.700
6.400 -1.400 14.100 6.500 1.400 14.300
6.400 -1.400 15.300 6.500 1.400 15.500
6.400 -1.400 20.400 10.900 1.400 20.500
6.400 -1.400 26.100 8.300 1.400 26.200
6.400 -1.400 26.200 6.500 1.400 26.700
6.500 -1.400 2.400 6.600 1.400 2.500
6.500 -1.400 3.000 6.600 1.400 3.100
6.500 -1.400 13.900 6.600 1.400 14.100
6.500 -1.400 15.100 6.600 1.400 15.300
6.500 -1.400 26.600 8.900 1.400 26.700
6.600 -1.400 2.300 6.700 1.400 2.400
6.600 -1.400 2.900 6.700 1.400 3.000
6.600 -1.400 13.700 6.700 1.400 13.900
6.600 -1.400 14.900 6.700 1.400 15.100
6.700 -1.400 2.200 6.800 1.400 2.300
6.700 -1.400 2.800 6.800 1.400 2.900
6.700 -1.400 13.500 6.800 1.400 13.700
6.700 -1.400 14.700 6.800 1.400 14.900
6.800 -1.400 2.100 6.900 1.400 2.200
6.800 -1.400 2.700 7.000 1.400 2.800
6.800 -1.400 13.300 6.900 1.400 13.500
6.800 -1.400 14.500 6.900 1.400 14.700
6.900 -1.400 2.000 7.100 1.400 2.100
6.900 -1.400 2.600 7.100 1.400 2.700
6.900 -1.400 13.100 7.000 1.400 13.300
6.900 -1.400 14.300 7.000 1.400 14.500
7.000 -1.400 12.900 7.100 1.400 13.100
7.000 -1.400 14.100 7.100 1.400 14.300
7.000 -1.400 18.700 8.500 1.400 18.800
7.000 -1.400 18.800 7.100 1.400 20.000
7.100 -1.400 1.900 7.200 1.400 2.000
7.100 -1.400 2.500 7.200 1.400 2.600
7.100 -1.400 12.700 7.200 1.400 12.900
7.100 -1.400 13.900 7.200 1.400 14.100
7.100 -1.400 19.900 10.900 1.400 20.000
7.200 -1.400 -27.100 9.600 1.400 -27.000
7.200 -1.400 -27.000 7.300 1.400 -16.700
7.200 -1.400 -10.100 10.000 1.400 -10.000
7.200 -1.400 -10.000 7.300 1.400 -7.400
7.200 -1.400 1.800 7.300 1.400 1.900
7.200 -1.400 2.400 7.300 1.400 2.500
7.200 -1.400 12.500 7.300 1.400 12.700
7.200 -1.400 13.700 7.300 1.400 13.900
7.300 -1.400 -7.500 10.000 1.400 -7.400
7.300 -1.400 -2.900 7.400 1.400 -1.300
7.300 -1.400 1.700 7.400 1.400 1.800
7.300 -1.400 2.300 7.400 1.400 2.400
7.300 -1.400 12.300 7.400 1.400 12.500
7.300 -1.400 13.500 7.400 1.400 13.700
7.400 -1.400 1.600 7.600 1.400 1.700
7.400 -1.400 2.200 7.600 1.400 2.300
7.400 -1.400 12.100 7.500 1.400 12.300
7.400 -1.400 13.300 7.500 1.400 13.500
7.500 -1.400 11.900 7.600 1.400 12.100
7.500 -1.400 13.100 7.600 1.400 13.300
7.600 -1.400 -9.700 9.600 1.400 -9.600
7.600 -1.400 -9.600 7.700 1.400 -7.700
7.600 -1.400 1.500 7.700 1.400 1.600
7.600 -1.400 2.100 7.700 1.400 2.200
7.600 -1.400 11.700 7.700 1.400 11.900
7.600 -1.400 12.900 7.700 1.400 13.100
7.700 -1.400 -7.800 9.600 1.400 -7.700
7.700 -1.400 1.400 7.800 1.400 1.500
7.700 -1.400 2.000 7.800 1.400 2.100
7.700 -1.400 5.900 7.800 1.400 7.700
7.700 -1.400 11.600 7.800 1.400 11.700
7.700 -1.400 12.700 7.800 1.400 12.900
7.800 -1.400 -26.500 9.600 1.400 -26.400
7.800 -1.400 -26.400 7.900 1.400 -16.000
7.800 -1.400 1.300 7.900 1.400 1.400
7.800 -1.400 1.900 7.900 1.400 2.000
7.800 -1.400 7.600 8.400 1.400 7.700
7.800 -1.400 11.400 7.900 1.400 11.600
7.800 -1.400 12.500 8.000 1.400 12.700
7.900 -1.400 -3.400 8.000 1.400 -0.800
7.900 -1.400 1.200 8.100 1.400 1.300
7.900 -1.400 1.800 8.100 1.400 1.900
7.900 -1.400 11.200 8.000 1.400 11.400
7.900 -1.400 12.400 8.000 1.400 12.500
7.900 -1.400 12.700 8.000 1.400 18.000
8.000 -1.400 11.100 8.200 1.400 11.200
8.100 -1.400 1.100 8.200 1.400 1.200
8.100 -1.400 1.700 8.200 1.400 1.800
8.100 -1.400 11.200 8.400 1.400 11.300
8.200 -1.400 1.000 8.300 1.400 1.100
8.200 -1.400 1.600 8.300 1.400 1.700
8.200 -1.400 23.100 10.700 1.400 23.200
8.200 -1.400 23.200 8.300 1.400 26.100
8.300 -1.400 0.900 8.400 1.400 1.000
8.300 -1.400 1.500 8.400 1.400 1.600
8.300 -1.400 5.200 8.400 1.400 7.600
8.300 -1.400 11.300 8.500 1.400 11.400
8.400 -1.400 0.800 8.500 1.400 0.900
8.400 -1.400 1.400 8.600 1.400 1.500
8.400 -1.400 11.400 8.500 1.400 18.700
8.500 -1.400 0.700 8.700 1.400 0.800
8.500 -1.400 1.300 8.700 1.400 1.400
8.500 -1.400 21.400 8.600 1.400 21.900
8.700 -1.400 0.600 8.800 1.400 0.700
8.700 -1.400 1.200 8.800 1.400 1.300
8.800 -1.400 1.100 8.900 1.400 1.200
8.800 -1.400 23.800 10.100 1.400 23.900
8.800 -1.400 23.900 8.900 1.400 26.600
8.900 -1.400 1.000 9.000 1.400 1.100
9.000 -1.400 -17.800 9.500 1.400 -17.700
9.000 -1.400 -17.700 9.100 1.400 -15.200
9.000 -1.400 0.900 9.200 1.400 1.000
9.100 -1.400 -15.300 11.600 1.400 -15.200
9.200 -1.400 -25.600 16.900 1.400 -25.500
9.200 -1.400 -25.500 9.300 1.400 -25.100
9.200 -1.400 0.800 9.300 1.400 0.900
9.200 -1.400 3.800 11.400 1.400 3.900
9.200 -1.400 3.900 9.300 1.400 4.400
9.300 -1.400 -25.200 11.400 1.400 -25.100
9.300 -1.400 0.200 9.400 1.400 0.800
9.300 -1.400 4.300 10.900 1.400 4.400
9.400 -1.400 -17.700 9.500 1.400 -15.600
9.500 -1.400 -27.000 9.600 1.400 -26.500
9.500 -1.400 -15.700 11.600 1.400 -15.600
9.500 -1.400 -9.600 9.600 1.400 -7.800
9.600 -1.400 7.500 17.800 1.400 7.600
9.600 -1.400 7.600 9.700 1.400 13.900
9.700 -1.400 -23.700 11.400 1.400 -23.600
9.700 -1.400 -23.600 9.800 1.400 -23.100
9.700 -1.400 13.800 10.200 1.400 13.900
9.800 -1.400 -23.200 11.800 1.400 -23.100
9.900 -1.400 -10.000 10.000 1.400 -7.500
10.000 -1.400 23.900 10.100 1.400 26.100
10.100 -1.400 8.200 17.800 1.400 8.300
10.100 -1.400 8.300 10.200 1.400 13.800
10.100 -1.400 26.000 12.300 1.400 26.100
10.200 -1.400 14.900 13.700 1.400 15.000
10.200 -1.400 15.000 10.300 1.400 19.100
10.300 -1.400 19.000 10.800 1.400 19.100
10.500 -1.400 -20.500 11.000 1.400 -20.400
10.500 -1.400 -20.400 10.600 1.400 -17.200
10.600 -1.400 -17.300 15.600 1.400 -17.200
10.600 -1.400 23.200 10.700 1.400 25.500
10.700 -1.400 15.500 13.000 1.400 15.600
10.700 -1.400 15.600 10.800 1.400 19.000
10.700 -1.400 25.400 11.700 1.400 25.500
10.800 -1.400 4.400 10.900 1.400 6.100
10.800 -1.400 20.000 10.900 1.400 20.400
10.900 -1.400 -20.400 11.000 1.400 -17.700
10.900 -1.400 6.000 13.500 1.400 6.100
11.000 -1.400 -17.800 15.900 1.400 -17.700
11.000 -1.400 -11.300 11.100 1.400 2.300
11.100 -1.400 2.200 14.100 1.400 2.300
11.200 -1.400 9.500 13.500 1.400 9.600
11.200 -1.400 9.600 11.300 1.400 10.200
11.300 -1.400 -25.100 11.400 1.400 -23.700
11.300 -1.400 3.900 11.400 1.400 5.400
11.300 -1.400 10.100 13.000 1.400 10.200
11.400 -1.400 5.300 12.900 1.400 5.400
11.500 -1.400 -15.600 11.600 1.400 -15.300
11.600 -1.400 17.000 12.300 1.400 17.100
11.600 -1.400 17.100 11.700 1.400 25.400
11.700 -1.400 -25.100 16.900 1.400 -25.000
11.700 -1.400 -25.000 11.800 1.400 -23.200
11.700 -1.400 -11.900 11.800 1.400 1.700
11.800 -1.400 1.600 13.600 1.400 1.700
12.200 -1.400 17.100 12.300 1.400 26.000
12.600 -1.400 -13.300 12.700 1.400 -13.200
12.700 -1.400 -13.500 12.800 1.400 -13.300
12.700 -1.400 -13.200 12.900 1.400 -13.100
12.800 -1.400 -18.900 12.900 1.400 -18.800
12.800 -1.400 -13.600 12.900 1.400 -13.500
12.800 -1.400 -13.100 13.000 1.400 -13.000
12.800 -1.400 -10.800 12.900 1.400 -10.700
12.800 -1.400 -9.400 16.700 1.400 -9.300
12.800 -1.400 -5.900 16.200 1.400 -5.800
12.800 -1.400 -5.800 12.900 1.400 -5.300
12.800 -1.400 3.900 15.700 1.400 4.000
12.800 -1.400 4.000 12.900 1.400 5.300
12.900 -1.400 -19.100 13.000 1.400 -18.900
12.900 -1.400 -18.800 13.100 1.400 -18.700
12.900 -1.400 -13.700 13.000 1.400 -13.600
12.900 -1.400 -11.000 13.000 1.400 -10.800
12.900 -1.400 -10.700 13.100 1.400 -10.600
12.900 -1.400 -9.300 13.000 1.400 -9.200
12.900 -1.400 -5.400 16.800 1.400 -5.300
12.900 -1.400 10.200 13.000 1.400 12.800
12.900 -1.400 15.600 13.000 1.400 25.200
13.000 -1.400 -19.200 13.100 1.400 -19.100
13.000 -1.400 -18.700 13.200 1.400 -18.600
13.000 -1.400 -13.900 13.100 1.400 -13.700
13.000 -1.400 -13.000 13.100 1.400 -12.900
13.000 -1.400 -11.100 13.100 1.400 -11.000
13.000 -1.400 -10.600 13.200 1.400 -10.500
13.000 -1.400 -9.200 13.100 1.400 -9.100
13.000 -1.400 12.600 13.200 1.400 12.700
13.000 -1.400 25.100 17.500 1.400 25.200
13.100 -1.400 -19.300 13.200 1.400 -19.200
13.100 -1.400 -14.000 13.200 1.400 -13.900
13.100 -1.400 -13.200 13.200 1.400 -13.000
13.100 -1.400 -11.200 13.200 1.400 -11.100
13.100 -1.400 -9.100 13.200 1.400 -9.000
13.200 -1.400 -19.500 13.300 1.400 -19.300
13.200 -1.400 -18.600 13.300 1.400 -18.500
13.200 -1.400 -14.100 13.300 1.400 -14.000
13.200 -1.400 -13.300 13.300 1.400 -13.200
13.200 -1.400 -11.400 13.300 1.400 -11.200
13.200 -1.400 -10.500 13.300 1.400 -10.400
13.200 -1.400 -9.000 13.300 1.400 -8.900
13.200 -1.400 12.500 13.300 1.400 12.600
13.300 -1.400 -19.600 13.400 1.400 -19.500
13.300 -1.400 -18.800 13.400 1.400 -18.600
13.300 -1.400 -14.300 13.400 1.400 -14.100
13.300 -1.400 -13.400 13.400 1.400 -13.300
13.300 -1.400 -11.500 13.400 1.400 -11.400
13.300 -1.400 -10.700 13.400 1.400 -10.500
13.300 -1.400 -8.900 13.400 1.400 -8.800
13.300 -1.400 12.400 13.500 1.400 12.500
13.400 -1.400 -19.700 13.500 1.400 -19.600
13.400 -1.400 -18.900 13.500 1.400 -18.800
13.400 -1.400 -14.400 13.500 1.400 -14.300
13.400 -1.400 -13.600 13.500 1.400 -13.400
13.400 -1.400 -11.700 13.600 1.400 -11.600
13.400 -1.400 -11.600 13.500 1.400 -11.500
13.400 -1.400 -10.800 13.500 1.400 -10.700
13.400 -1.400 -8.800 13.500 1.400 -8.700
13.400 -1.400 4.500 15.000 1.400 4.600
13.400 -1.400 4.600 13.500 1.400 6.000
13.400 -1.400 9.600 13.500 1.400 11.800
13.500 -1.400 -19.900 13.600 1.400 -19.700
13.500 -1.400 -19.000 13.600 1.400 -18.900
13.500 -1.400 -14.600 13.600 1.400 -14.400
13.500 -1.400 -13.700 13.600 1.400 -13.600
13.500 -1.400 -11.800 13.600 1.400 -11.700
13.500 -1.400 -10.900 13.600 1.400 -10.800
13.500 -1.400 -8.700 13.600 1.400 -8.600
13.500 -1.400 -1.400 16.100 1.400 -1.300
13.500 -1.400 -1.300 13.600 1.400 1.600
13.500 -1.400 11.600 13.700 1.400 11.700
13.500 -1.400 12.300 13.600 1.400 12.400
13.600 -1.400 -20.000 13.700 1.400 -19.900
13.600 -1.400 -19.200 13.700 1.400 -19.000
13.600 -1.400 -14.700 13.700 1.400 -14.600
13.600 -1.400 -13.900 13.700 1.400 -13.700
13.600 -1.400 -11.900 13.700 1.400 -11.800
13.600 -1.400 -11.100 13.700 1.400 -10.900
13.600 -1.400 -8.600 13.700 1.400 -8.400
13.600 -1.400 12.200 13.800 1.400 12.300
13.600 -1.400 15.000 13.700 1.400 24.500
13.700 -1.400 -20.100 13.800 1.400 -20.000
13.700 -1.400 -19.300 13.800 1.400 -19.200
13.700 -1.400 -14.800 13.800 1.400 -14.700
13.700 -1.400 -14.000 13.800 1.400 -13.900
13.700 -1.400 -12.100 13.800 1.400 -11.900
13.700 -1.400 -11.200 13.800 1.400 -11.100
13.700 -1.400 -8.400 13.800 1.400 -8.300
13.700 -1.400 11.500 13.800 1.400 11.600
13.700 -1.400 24.400 16.800 1.400 24.500
13.800 -1.400 -20.300 13.900 1.400 -20.100
13.800 -1.400 -19.500 14.000 1.400 -19.400
13.800 -1.400 -19.400 13.900 1.400 -19.300
13.800 -1.400 -15.000 13.900 1.400 -14.800
13.800 -1.400 -14.100 13.900 1.400 -14.000
13.800 -1.400 -12.200 13.900 1.400 -12.100
13.800 -1.400 -11.400 14.000 1.400 -11.300
13.800 -1.400 -11.300 13.900 1.400 -11.200
13.800 -1.400 -8.300 13.900 1.400 -8.200
13.800 -1.400 11.400 14.000 1.400 11.500
13.800 -1.400 12.100 13.900 1.400 12.200
13.900 -1.400 -20.400 14.000 1.400 -20.300
13.900 -1.400 -19.600 14.000 1.400 -19.500
13.900 -1.400 -15.100 14.000 1.400 -15.000
13.900 -1.400 -14.300 14.000 1.400 -14.100
13.900 -1.400 -12.300 14.000 1.400 -12.200
13.900 -1.400 -11.500 14.000 1.400 -11.400
13.900 -1.400 -8.900 17.300 1.400 -8.800
13.900 -1.400 -8.200 14.000 1.400 -8.100
13.900 -1.400 12.000 14.100 1.400 12.100
14.000 -1.400 -20.500 14.100 1.400 -20.400
14.000 -1.400 -19.700 14.100 1.400 -19.600
14.000 -1.400 -15.300 14.200 1.400 -15.200
14.000 -1.400 -15.200 14.100 1.400 -15.100
14.000 -1.400 -14.400 14.100 1.400 -14.300
14.000 -1.400 -12.500 14.100 1.400 -12.300
14.000 -1.400 -11.600 14.100 1.400 -11.500
14.000 -1.400 -8.800 14.100 1.400 -8.700
14.000 -1.400 -8.100 14.100 1.400 -8.000
14.000 -1.400 -0.700 15.600 1.400 -0.600
14.000 -1.400 -0.600 14.100 1.400 2.200
14.000 -1.400 11.300 14.100 1.400 11.400
14.100 -1.400 -20.700 14.200 1.400 -20.500
14.100 -1.400 -19.900 14.200 1.400 -19.700
14.100 -1.400 -15.400 14.200 1.400 -15.300
14.100 -1.400 -14.600 14.200 1.400 -14.400
14.100 -1.400 -12.600 14.200 1.400 -12.500
14.100 -1.400 -11.800 14.200 1.400 -11.600
14.100 -1.400 -8.700 14.200 1.400 -8.600
14.100 -1.400 -8.000 14.200 1.400 -7.900
14.100 -1.400 11.200 14.300 1.400 11.300
14.100 -1.400 11.900 14.200 1.400 12.000
14.200 -1.400 -20.800 14.300 1.400 -20.700
14.200 -1.400 -20.000 14.300 1.400 -19.900
14.200 -1.400 -15.500 14.300 1.400 -15.400
14.200 -1.400 -14.700 14.300 1.400 -14.600
14.200 -1.400 -12.800 14.300 1.400 -12.600
14.200 -1.400 -11.900 14.300 1.400 -11.800
14.200 -1.400 -8.600 14.300 1.400 -8.500
14.200 -1.400 -7.900 14.300 1.400 -7.800
14.200 -1.400 11.800 14.400 1.400 11.900
14.300 -1.400 -20.900 14.400 1.400 -20.800
14.300 -1.400 -20.100 14.400 1.400 -20.000
14.300 -1.400 -15.700 14.400 1.400 -15.500
14.300 -1.400 -14.800 14.400 1.400 -14.700
14.300 -1.400 -12.900 14.400 1.400 -12.800
14.300 -1.400 -12.000 14.400 1.400 -11.900
14.300 -1.400 -8.500 14.400 1.400 -8.400
14.300 -1.400 -7.800 14.400 1.400 -7.700
14.300 -1.400 11.100 14.400 1.400 11.200
14.400 -1.400 -21.100 14.500 1.400 -20.900
14.400 -1.400 -20.300 14.500 1.400 -20.100
14.400 -1.400 -15.800 14.500 1.400 -15.700
14.400 -1.400 -15.000 14.500 1.400 -14.800
14.400 -1.400 -13.000 14.500 1.400 -12.900
14.400 -1.400 -12.200 14.500 1.400 -12.000
14.400 -1.400 -8.400 14.500 1.400 -8.300
14.400 -1.400 -7.700 14.500 1.400 -7.600
14.400 -1.400 11.000 14.600 1.400 11.100
14.400 -1.400 11.700 14.500 1.400 11.800
14.500 -1.400 -21.200 14.600 1.400 -21.100
14.500 -1.400 -20.400 14.600 1.400 -20.300
14.500 -1.400 -15.900 14.600 1.400 -15.800
14.500 -1.400 -15.100 14.600 1.400 -15.000
14.500 -1.400 -13.200 14.600 1.400 -13.000
14.500 -1.400 -12.300 14.600 1.400 -12.200
14.500 -1.400 -8.300 14.600 1.400 -8.200
14.500 -1.400 -7.600 14.600 1.400 -7.500
14.500 -1.400 11.600 14.700 1.400 11.700
14.600 -1.400 -21.300 14.700 1.400 -21.200
14.600 -1.400 -20.600 14.700 1.400 -20.400
14.600 -1.400 -16.100 14.700 1.400 -15.900
14.600 -1.400 -15.300 14.700 1.400 -15.100
14.600 -1.400 -13.300 14.700 1.400 -13.200
14.600 -1.400 -12.500 14.700 1.400 -12.300
14.600 -1.400 -8.200 14.700 1.400 -8.000
14.600 -1.400 -7.500 14.700 1.400 -7.400
14.600 -1.400 10.900 14.700 1.400 11.000
14.700 -1.400 -21.500 14.800 1.400 -21.300
14.700 -1.400 -20.700 14.800 1.400 -20.600
14.700 -1.400 -16.200 14.800 1.400 -16.100
14.700 -1.400 -15.400 14.800 1.400 -15.300
14.700 -1.400 -13.500 14.900 1.400 -13.400
14.700 -1.400 -13.400 14.800 1.400 -13.300
14.700 -1.400 -12.600 14.800 1.400 -12.500
14.700 -1.400 -8.000 14.800 1.400 -7.900
14.700 -1.400 -7.400 14.800 1.400 -7.300
14.700 -1.400 10.800 14.900 1.400 10.900
14.700 -1.400 11.500 14.800 1.400 11.600
14.800 -1.400 -21.600 14.900 1.400 -21.500
14.800 -1.400 -20.800 14.900 1.400 -20.700
14.800 -1.400 -16.400 14.900 1.400 -16.200
14.800 -1.400 -15.600 14.900 1.400 -15.400
14.800 -1.400 -13.600 14.900 1.400 -13.500
14.800 -1.400 -12.700 14.900 1.400 -12.600
14.800 -1.400 -7.900 14.900 1.400 -7.800
14.800 -1.400 -7.300 14.900 1.400 -7.200
14.800 -1.400 11.400 15.000 1.400 11.500
14.900 -1.400 -21.700 15.000 1.400 -21.600
14.900 -1.400 -21.000 15.000 1.400 -20.800
14.900 -1.400 -16.500 15.000 1.400 -16.400
14.900 -1.400 -15.700 15.000 1.400 -15.600
14.900 -1.400 -13.700 15.000 1.400 -13.600
14.900 -1.400 -12.900 15.000 1.400 -12.700
14.900 -1.400 -7.800 15.000 1.400 -7.700
14.900 -1.400 -7.200 15.000 1.400 -7.100
14.900 -1.400 4.600 15.000 1.400 6.500
14.900 -1.400 10.700 15.000 1.400 10.800
15.000 -1.400 -21.900 15.100 1.400 -21.700
15.000 -1.400 -21.100 15.100 1.400 -21.000
15.000 -1.400 -16.600 15.100 1.400 -16.500
15.000 -1.400 -15.800 15.100 1.400 -15.700
15.000 -1.400 -13.900 15.100 1.400 -13.700
15.000 -1.400 -13.000 15.100 1.400 -12.900
15.000 -1.400 -7.700 15.100 1.400 -7.600
15.000 -1.400 -7.100 15.100 1.400 -7.000
15.000 -1.400 6.400 17.700 1.400 6.500
15.000 -1.400 10.600 15.200 1.400 10.700
15.000 -1.400 11.300 15.100 1.400 11.400
15.000 -1.400 13.200 17.300 1.400 13.300
15.000 -1.400 13.300 15.100 1.400 22.700
15.100 -1.400 -22.000 15.200 1.400 -21.900
15.100 -1.400 -21.300 15.300 1.400 -21.200
15.100 -1.400 -21.200 15.200 1.400 -21.100
15.100 -1.400 -16.800 15.200 1.400 -16.600
15.100 -1.400 -16.000 15.200 1.400 -15.800
15.100 -1.400 -14.000 15.200 1.400 -13.900
15.100 -1.400 -13.200 15.300 1.400 -13.100
15.100 -1.400 -13.100 15.200 1.400 -13.000
15.100 -1.400 -7.600 15.200 1.400 -7.500
15.100 -1.400 -7.000 15.200 1.400 -6.900
15.100 -1.400 11.200 15.200 1.400 11.300
15.100 -1.400 22.600 15.600 1.400 22.700
15.200 -1.400 -22.100 15.300 1.400 -22.000
15.200 -1.400 -21.400 15.300 1.400 -21.300
15.200 -1.400 -16.900 15.300 1.400 -16.800
15.200 -1.400 -16.100 15.300 1.400 -16.000
15.200 -1.400 -14.100 15.300 1.400 -14.000
15.200 -1.400 -13.300 15.300 1.400 -13.200
15.200 -1.400 -7.500 15.300 1.400 -7.400
15.200 -1.400 -6.900 15.300 1.400 -6.800
15.200 -1.400 10.500 15.400 1.400 10.600
15.200 -1.400 11.100 15.400 1.400 11.200
15.300 -1.400 -22.300 15.400 1.400 -22.100
15.300 -1.400 -21.500 15.400 1.400 -21.400
15.300 -1.400 -17.000 15.400 1.400 -16.900
15.300 -1.400 -16.300 15.400 1.400 -16.100
15.300 -1.400 -14.300 15.400 1.400 -14.100
15.300 -1.400 -13.400 15.400 1.400 -13.300
15.300 -1.400 -7.400 15.400 1.400 -7.300
15.300 -1.400 -6.800 15.400 1.400 -6.600
15.300 -1.400 10.400 15.500 1.400 10.500
15.400 -1.400 -22.400 15.600 1.400 -22.300
15.400 -1.400 -21.700 15.500 1.400 -21.500
15.400 -1.400 -17.200 15.500 1.400 -17.000
15.400 -1.400 -16.400 15.500 1.400 -16.300
15.400 -1.400 -14.400 15.500 1.400 -14.300
15.400 -1.400 -13.600 15.500 1.400 -13.400
15.400 -1.400 -7.300 15.500 1.400 -7.200
15.400 -1.400 -6.600 15.500 1.400 -6.500
15.400 -1.400 11.000 15.500 1.400 11.100
15.500 -1.400 -22.300 15.800 1.400 -22.200
15.500 -1.400 -21.800 15.600 1.400 -21.700
15.500 -1.400 -16.500 15.600 1.400 -16.400
15.500 -1.400 -14.300 15.700 1.400 -14.200
15.500 -1.400 -13.700 15.600 1.400 -13.600
15.500 -1.400 -7.200 15.600 1.400 -7.100
15.500 -1.400 -6.500 15.600 1.400 -6.400
15.500 -1.400 -0.600 15.600 1.400 -0.400
15.500 -1.400 10.300 15.700 1.400 10.400
15.500 -1.400 10.900 15.700 1.400 11.000
15.500 -1.400 13.900 17.900 1.400 14.000
15.500 -1.400 14.000 15.600 1.400 22.600
15.600 -1.400 -21.900 15.700 1.400 -21.800
15.600 -1.400 -16.700 15.700 1.400 -16.500
15.600 -1.400 -14.200 15.800 1.400 -14.100
15.600 -1.400 -13.800 15.700 1.400 -13.700
15.600 -1.400 -7.100 15.700 1.400 -7.000
15.600 -1.400 -6.400 15.700 1.400 -6.300
15.600 -1.400 -0.400 15.700 1.400 0.000
15.600 -1.400 4.000 15.700 1.400 5.800
15.700 -1.400 -22.200 15.900 1.400 -22.100
15.700 -1.400 -22.100 15.800 1.400 -21.900
15.700 -1.400 -16.800 15.800 1.400 -16.700
15.700 -1.400 -14.000 15.800 1.400 -13.800
15.700 -1.400 -7.000 15.800 1.400 -6.900
15.700 -1.400 -6.300 15.800 1.400 -6.200
15.700 -1.400 0.000 15.800 1.400 0.500
15.700 -1.400 5.700 17.000 1.400 5.800
15.700 -1.400 10.200 15.800 1.400 10.300
15.700 -1.400 10.800 15.800 1.400 10.900
15.800 -1.400 -17.000 15.900 1.400 -16.800
15.800 -1.400 -14.100 15.900 1.400 -14.000
15.800 -1.400 -6.900 15.900 1.400 -6.800
15.800 -1.400 -6.200 15.900 1.400 -6.100
15.800 -1.400 0.500 15.900 1.400 1.000
15.800 -1.400 10.100 16.000 1.400 10.200
15.800 -1.400 10.700 16.000 1.400 10.800
15.900 -1.400 -17.700 16.100 1.400 -17.600
15.900 -1.400 -17.100 16.000 1.400 -17.000
15.900 -1.400 -6.800 16.000 1.400 -6.700
15.900 -1.400 -6.100 16.000 1.400 -6.000
15.900 -1.400 0.900 16.000 1.400 1.400
16.000 -1.400 -17.600 16.200 1.400 -17.500
16.000 -1.400 -17.200 16.100 1.400 -17.100
16.000 -1.400 -6.700 16.100 1.400 -6.500
16.000 -1.400 -6.000 16.100 1.400 -5.900
16.000 -1.400 -1.300 16.100 1.400 -1.100
16.000 -1.400 1.400 16.100 1.400 1.900
16.000 -1.400 10.000 16.100 1.400 10.100
16.000 -1.400 10.600 16.100 1.400 10.700
16.100 -1.400 -17.400 16.200 1.400 -17.200
16.100 -1.400 -6.500 16.200 1.400 -6.400
16.100 -1.400 -1.100 16.200 1.400 -0.600
16.100 -1.400 1.900 16.200 1.400 2.300
16.100 -1.400 9.900 16.300 1.400 10.000
16.100 -1.400 10.500 16.300 1.400 10.600
16.200 -1.400 -17.500 16.300 1.400 -17.400
16.200 -1.400 -6.400 16.300 1.400 -6.300
16.200 -1.400 -0.600 16.300 1.400 -0.100
16.200 -1.400 2.300 16.300 1.400 2.800
16.300 -1.400 -6.300 16.400 1.400 -6.200
16.300 -1.400 -0.100 16.400 1.400 0.400
16.300 -1.400 2.800 16.400 1.400 3.200
16.300 -1.400 9.800 16.400 1.400 9.900
16.300 -1.400 10.400 16.400 1.400 10.500
16.400 -1.400 -6.200 16.500 1.400 -6.100
16.400 -1.400 0.400 16.500 1.400 0.800
16.400 -1.400 3.200 16.500 1.400 3.700
16.400 -1.400 9.700 16.600 1.400 9.800
16.400 -1.400 10.300 16.600 1.400 10.400
16.500 -1.400 -6.100 16.600 1.400 -6.000
16.500 -1.400 0.800 16.600 1.400 1.300
16.500 -1.400 3.700 16.600 1.400 4.200
16.600 -1.400 -13.100 17.300 1.400 -13.000
16.600 -1.400 -13.000 16.700 1.400 -9.400
16.600 -1.400 -6.000 16.700 1.400 -5.900
16.600 -1.400 1.300 16.700 1.400 1.800
16.600 -1.400 4.100 16.700 1.400 4.600
16.600 -1.400 9.600 16.700 1.400 9.700
16.600 -1.400 10.200 16.700 1.400 10.300
16.700 -1.400 -5.900 16.800 1.400 -5.400
16.700 -1.400 1.800 16.800 1.400 2.300
16.700 -1.400 4.600 16.800 1.400 5.100
16.700 -1.400 9.500 16.900 1.400 9.600
16.700 -1.400 10.100 16.900 1.400 10.200
16.700 -1.400 15.000 17.500 1.400 15.100
16.700 -1.400 15.100 16.800 1.400 24.400
16.800 -1.400 -25.500 16.900 1.400 -25.100
16.800 -1.400 2.300 16.900 1.400 2.800
16.800 -1.400 5.100 16.900 1.400 5.500
16.900 -1.400 2.800 17.000 1.400 3.300
16.900 -1.400 5.500 17.000 1.400 5.700
16.900 -1.400 9.400 17.000 1.400 9.500
16.900 -1.400 10.000 17.000 1.400 10.100
17.000 -1.400 3.300 17.100 1.400 3.800
17.000 -1.400 9.300 17.200 1.400 9.400
17.000 -1.400 9.900 17.300 1.400 10.000
17.100 -1.400 3.800 17.200 1.400 4.300
17.200 -1.400 -13.000 17.300 1.400 -8.900
17.200 -1.400 4.300 17.300 1.400 4.700
17.200 -1.400 9.200 17.900 1.400 9.300
17.200 -1.400 9.800 17.300 1.400 9.900
17.200 -1.400 10.000 17.300 1.400 13.200
17.300 -1.400 4.700 17.400 1.400 5.200
17.400 -1.400 5.200 17.500 1.400 5.700
17.400 -1.400 15.100 17.500 1.400 25.100
17.500 -1.400 5.700 17.600 1.400 6.200
17.600 -1.400 6.200 17.700 1.400 6.400
17.700 -1.400 7.600 17.800 1.400 8.200
17.800 -1.400 9.300 17.900 1.400 13.900
18.500 -1.400 -27.700 18.600 1.400 27.700
20.000 -1.400 -30.000 20.100 1.400 30.000
